7.907,0.3876,1.2198,0,0,0,0,0
0.3876,8.0144,-0.4487,0.5,0,0,0,0
1.2198,-0.4487,11.3454,1.235,0.552,0,0,0
0,0.5,1.235,10.761,-0.396,-0.78,0,0
0,0,0.552,-0.396,8.6678,0.4755,0.8646,0
0,0,0,-0.78,0.4755,10.6486,-2.5054,-0.2088
0,0,0,0,0.8646,-2.5054,20.0965,-1.204
0,0,0,0,0,-0.2088,-1.204,8.9317